0 0 0 0 0 0 0 0 0 0 0 0 0 0 0 0 0 0 0 0 0 0 0 0 0 0 0 0 0 0 0 0 0 0 0 0 0 0 0 0 0 0 0 0 0 0 0 0 0 0 
9 9 9 9 9 9 9 9 9 9 9 9 9 9 9 9 9 9 9 9 9 9 9 9 9 9 9 9 9 9 9 9 9 9 9 9 9 9 9 9 9 9 9 9 9 9 9 9 9 0 
9 9 9 9 9 9 9 9 9 9 9 9 9 9 9 9 9 9 9 9 9 9 9 9 9 9 9 9 9 9 9 9 9 9 9 9 9 9 9 9 9 9 9 9 9 9 9 9 9 0 
9 9 9 9 9 9 9 9 9 9 9 9 9 9 9 9 9 9 9 9 9 9 9 9 9 9 9 9 9 9 9 9 9 9 9 9 9 9 9 9 9 9 9 9 9 9 9 9 9 0 
9 9 9 9 9 9 9 9 9 9 9 9 9 9 9 9 9 9 9 9 9 9 9 9 9 9 9 9 9 9 9 9 9 9 9 9 9 9 9 9 9 9 9 9 9 9 9 9 9 0 
9 9 9 9 9 9 9 9 9 9 9 9 9 9 9 9 9 9 9 9 9 9 9 9 9 9 9 9 9 9 9 9 9 9 9 9 9 9 9 9 9 9 9 9 9 9 9 9 9 0 
9 9 9 9 9 9 9 9 9 9 9 9 9 9 9 9 9 9 9 9 9 9 9 9 9 9 9 9 9 9 9 9 9 9 9 9 9 9 9 9 9 9 9 9 9 9 9 9 9 0 
9 9 9 9 9 9 9 9 9 9 9 9 9 9 9 9 9 9 9 9 9 9 9 9 9 9 9 9 9 9 9 9 9 9 9 9 9 9 9 9 9 9 9 9 9 9 9 9 9 0 
9 9 9 9 9 9 9 9 9 9 9 9 9 9 9 9 9 9 9 9 9 9 9 9 9 9 9 9 9 9 9 9 9 9 9 9 9 9 9 9 9 9 9 9 9 9 9 9 9 0 
9 9 9 9 9 9 9 9 9 9 9 9 9 9 9 9 9 9 9 9 9 9 9 9 9 9 9 9 9 9 9 9 9 9 9 9 9 9 9 9 9 9 9 9 9 9 9 9 9 0 
9 9 9 9 9 9 9 9 9 9 9 9 9 9 9 9 9 9 9 9 9 9 9 9 9 9 9 9 9 9 9 9 9 9 9 9 9 9 9 9 9 9 9 9 9 9 9 9 9 0 
9 9 9 9 9 9 9 9 9 9 9 9 9 9 9 9 9 9 9 9 9 9 9 9 9 9 9 9 9 9 9 9 9 9 9 9 9 9 9 9 9 9 9 9 9 9 9 9 9 0 
9 9 9 9 9 9 9 9 9 9 9 9 9 9 9 9 9 9 9 9 9 9 9 9 9 9 9 9 9 9 9 9 9 9 9 9 9 9 9 9 9 9 9 9 9 9 9 9 9 0 
9 9 9 9 9 9 9 9 9 9 9 9 9 9 9 9 9 9 9 9 9 9 9 9 9 9 9 9 9 9 9 9 9 9 9 9 9 9 9 9 9 9 9 9 9 9 9 9 9 0 
10 10 10 10 10 10 10 10 10 10 10 10 10 10 10 10 10 10 10 10 10 10 10 10 10 10 10 10 10 10 10 10 10 10 10 10 10 10 10 10 10 10 10 10 10 10 10 10 10 0 
11 11 11 11 11 11 11 11 11 11 11 11 11 11 11 11 11 11 11 11 11 11 11 11 11 11 11 11 11 11 11 11 11 11 11 11 11 11 11 11 11 11 11 11 11 11 11 11 11 0 
11 11 11 11 11 11 11 11 11 11 11 11 11 11 11 11 11 11 11 11 11 11 11 11 11 11 11 11 11 11 11 11 11 11 11 11 11 11 11 11 11 11 11 11 11 11 11 11 11 0 
11 11 11 11 11 11 11 11 11 11 11 11 11 11 11 11 11 11 11 11 11 11 11 11 11 11 11 11 11 11 11 11 11 11 11 11 11 11 11 11 11 11 11 11 11 11 11 11 11 0 
11 11 11 11 11 11 11 11 11 11 11 11 11 11 11 11 11 11 11 11 11 11 11 11 11 11 11 11 11 11 11 11 11 11 11 11 11 11 11 11 11 11 11 11 11 11 11 11 11 0 
11 11 11 11 11 11 11 11 11 11 11 11 11 11 11 11 11 11 11 11 11 11 11 11 11 11 11 11 11 11 11 11 11 11 11 11 11 11 11 11 11 11 11 11 11 11 11 11 11 0 
8 8 8 9 9 9 9 9 9 9 9 9 11 11 11 9 9 9 9 9 9 9 9 9 9 9 11 11 11 11 11 9 9 9 9 9 9 9 9 11 11 11 9 9 9 9 9 9 9 0 
9 9 8 0 0 0 0 0 0 0 0 0 11 11 11 0 0 0 0 0 0 0 0 0 0 9 11 11 11 11 11 9 0 0 0 0 0 0 0 11 11 11 0 0 0 0 0 0 0 0 
9 9 8 0 0 13 13 13 13 13 13 13 11 11 11 13 13 13 13 13 13 13 1 1 1 9 11 11 11 11 11 9 0 13 13 13 13 13 13 11 11 11 13 13 13 13 13 13 0 0 
9 9 8 0 0 13 12 12 12 12 12 13 12 12 12 13 12 12 12 12 12 13 1 1 1 9 11 11 11 11 11 9 0 13 12 12 12 12 13 12 12 12 13 12 12 12 12 13 0 0 
9 9 8 0 0 13 12 12 12 12 12 12 12 12 12 12 12 12 12 12 12 13 1 1 1 9 11 11 11 11 11 9 0 13 12 12 12 12 12 12 12 12 12 12 12 12 12 13 0 0 
9 9 8 0 0 13 12 12 12 12 12 12 12 12 12 12 12 12 12 12 12 13 1 1 1 9 11 11 11 11 11 9 0 13 12 12 12 12 12 12 12 12 12 12 12 12 12 13 0 0 
9 9 8 0 0 13 12 12 12 12 12 12 12 12 12 12 12 12 12 12 12 13 0 0 0 9 11 11 11 11 11 9 0 13 12 12 12 12 12 12 12 12 12 12 12 12 12 13 0 0 
9 9 8 0 0 13 12 12 12 12 12 12 12 12 12 12 12 12 12 12 12 13 0 0 0 9 11 11 11 11 11 9 0 13 12 12 12 12 12 12 12 12 12 12 12 12 12 13 0 0 
9 9 8 0 0 13 12 12 12 12 12 12 12 12 12 12 12 12 12 12 12 13 0 0 0 9 11 11 11 11 11 9 0 13 12 12 12 12 12 12 12 12 12 12 12 12 12 13 0 0 
9 9 8 0 0 13 12 12 12 12 12 12 12 12 12 12 12 12 12 12 12 13 0 0 0 9 11 11 11 11 11 9 0 13 12 12 12 12 12 12 12 12 12 12 12 12 12 13 0 0 
9 9 8 0 0 13 12 12 12 12 12 12 12 12 12 12 12 12 12 12 12 13 0 0 0 9 11 11 11 11 11 9 0 13 12 12 12 12 12 12 12 12 12 12 12 12 12 13 0 0 
9 9 8 0 0 13 12 12 12 12 12 12 12 12 12 12 12 12 12 12 12 13 0 0 0 9 11 11 11 11 11 9 0 13 12 12 12 12 12 12 12 12 12 12 12 12 12 13 0 0 
9 9 8 0 0 13 12 12 12 12 12 12 12 12 12 12 12 12 12 12 12 13 0 0 0 9 11 11 11 11 11 9 0 13 12 12 12 12 12 12 12 12 12 12 12 12 12 13 0 0 
9 9 8 0 0 13 12 12 12 12 12 12 12 12 12 12 12 12 12 12 12 13 0 0 0 9 11 11 11 11 11 9 0 13 12 12 12 12 12 12 12 12 12 12 12 12 12 13 0 0 
9 9 8 0 0 13 13 13 13 13 13 13 13 13 13 13 13 13 13 13 13 13 0 0 0 9 11 11 11 11 11 9 0 13 13 13 13 13 13 13 13 13 13 13 13 13 13 13 0 0 
9 9 8 0 0 0 0 0 0 0 0 0 0 0 0 0 0 0 0 0 0 0 0 0 0 9 11 11 11 11 11 9 0 0 0 0 0 0 0 0 0 0 0 0 0 0 0 0 0 0 
9 9 8 0 0 0 0 0 0 0 0 0 0 0 0 0 0 0 0 0 0 0 0 0 0 9 11 11 11 11 11 9 0 0 0 0 0 0 0 0 0 0 0 0 0 0 0 0 0 0 