0 0 0 0 0 0 0 0 0 0 0 0 0 0 0 0 0 0 0 0 0 0 0 0 0 0 11 0 0 0 0 0 0 0 0 0 0 0 0 0 0 0 0 0 0 0 0 0 0 0 
0 0 0 0 0 0 0 0 0 0 0 0 0 0 0 0 0 0 0 0 0 0 0 9 11 11 11 11 11 11 9 0 0 0 0 0 0 0 0 0 0 0 0 0 0 0 0 0 0 0 
0 13 13 13 13 13 13 13 13 13 13 13 13 13 13 13 13 13 13 13 0 0 0 9 11 11 11 11 11 11 9 0 0 0 13 13 13 13 13 13 13 13 13 13 13 13 13 0 0 0 
0 13 12 12 12 12 12 12 12 12 12 12 12 12 12 12 12 12 12 13 0 0 0 9 11 11 11 11 11 11 9 0 0 0 13 12 12 12 12 12 12 12 12 12 12 12 13 0 0 0 
0 13 12 12 12 12 12 12 12 12 12 12 12 12 12 12 12 12 12 13 0 0 0 9 11 11 11 11 11 11 9 0 0 0 13 12 12 12 12 12 12 12 12 12 12 12 13 0 0 0 
0 13 12 12 12 12 12 12 12 12 12 12 12 12 12 12 12 12 12 13 0 0 0 9 11 11 11 11 11 11 9 0 0 0 13 12 12 12 12 12 12 12 12 12 12 12 13 0 0 0 
0 13 12 12 12 12 12 12 12 12 12 12 12 12 12 12 12 12 12 13 0 0 0 9 11 11 11 11 11 11 9 0 0 0 13 12 12 12 12 12 12 12 12 12 12 12 13 0 0 0 
0 13 12 12 12 12 12 12 12 12 12 12 12 12 12 12 12 12 12 13 0 0 0 9 11 11 11 11 11 11 9 0 0 0 13 12 12 12 12 12 12 12 12 12 12 12 13 0 0 0 
0 13 12 12 12 12 12 12 12 12 12 12 12 12 12 12 12 12 12 13 0 0 0 9 11 11 11 11 11 11 9 0 0 0 13 12 12 12 12 12 12 12 12 12 12 12 13 0 0 0 
0 13 12 12 12 12 12 12 12 12 12 12 12 12 12 12 12 12 12 13 0 0 0 9 11 11 11 11 11 11 9 0 0 0 13 12 12 12 12 12 12 12 12 12 12 12 13 0 0 0 
0 13 12 12 12 12 12 12 12 12 12 12 12 12 12 12 12 12 12 13 0 0 0 9 11 11 11 11 11 11 9 0 0 0 13 12 12 12 12 12 12 12 12 12 12 12 13 0 0 0 
0 13 12 12 12 12 12 12 12 12 12 12 12 12 12 12 12 12 12 13 0 0 0 9 11 11 11 11 11 11 9 0 0 0 13 12 12 12 12 12 12 12 12 12 12 12 13 0 0 0 
0 13 12 12 12 12 12 12 12 12 12 12 12 12 12 12 12 12 12 13 0 0 0 9 11 11 11 11 11 11 9 0 0 0 13 12 12 12 12 12 12 12 12 12 12 12 13 0 0 0 
0 13 12 12 12 12 12 12 12 12 12 12 12 12 12 12 12 12 12 13 0 0 0 9 11 11 11 11 11 11 9 0 0 0 13 12 12 12 12 12 12 12 12 12 12 12 13 0 0 0 
0 13 12 12 12 12 12 12 12 12 12 12 12 12 12 12 12 12 12 13 0 0 0 9 11 11 11 11 11 11 9 0 0 0 13 12 12 12 12 12 12 12 12 12 12 12 13 0 0 0 
0 13 12 12 12 12 12 12 13 12 12 12 13 12 12 12 12 12 12 13 0 0 0 9 11 11 11 11 11 11 9 0 0 0 13 12 12 12 13 13 14 13 13 12 12 12 13 0 0 0 
0 13 13 13 13 13 13 13 13 11 11 11 13 13 13 13 13 13 13 13 0 0 0 9 11 11 11 11 11 11 9 0 0 0 13 13 13 13 13 11 11 11 13 13 13 13 13 0 0 0 
0 0 0 0 0 0 0 0 0 11 11 11 0 0 0 0 0 0 0 0 0 0 0 9 11 11 11 11 11 11 9 0 0 0 0 0 0 0 0 11 11 11 0 0 0 0 0 0 0 0 
9 9 9 9 9 9 9 9 9 11 11 11 9 9 9 9 9 9 9 9 9 9 9 9 11 11 11 11 11 11 9 9 9 9 9 9 9 9 9 11 11 11 9 9 9 9 9 9 9 0 
11 11 11 11 11 11 11 11 11 11 11 11 11 11 11 11 11 11 11 11 11 11 11 11 11 11 11 11 11 11 11 11 11 11 11 11 11 11 11 11 11 11 11 11 11 11 11 11 11 0 
11 11 11 11 11 11 11 11 11 11 11 11 11 11 11 11 11 11 11 11 11 11 11 11 11 11 11 11 11 11 11 11 11 11 11 11 11 11 11 11 11 11 11 11 11 11 11 11 11 0 
11 11 11 11 11 11 11 11 11 11 11 11 11 11 11 11 11 11 11 11 11 11 11 11 11 11 11 11 11 11 11 11 11 11 11 11 11 11 11 11 11 11 11 11 11 11 11 11 11 0 
11 11 11 11 11 11 11 11 11 11 11 11 11 11 11 11 11 11 11 11 11 11 11 11 11 11 11 11 11 11 11 11 11 11 11 11 11 11 11 11 11 11 11 11 11 11 11 11 11 0 
11 11 11 11 11 11 11 11 11 11 11 11 11 11 11 11 11 11 11 11 11 11 11 11 11 11 11 11 11 11 11 11 11 11 11 11 11 11 11 11 11 11 11 11 11 11 11 11 11 0 
9 9 9 9 9 9 9 9 9 9 9 9 9 9 9 9 9 9 9 9 9 9 9 9 11 11 11 11 11 11 9 9 9 9 9 9 9 9 9 9 9 9 9 9 9 9 9 9 9 0 
0 0 0 0 0 0 0 0 0 0 0 0 0 0 0 0 0 0 0 0 0 0 0 9 11 11 11 11 11 11 9 0 0 0 0 0 0 0 0 0 0 0 0 0 0 0 0 0 0 0 
0 0 0 0 0 0 0 0 0 0 0 0 0 0 0 0 0 0 0 0 0 0 0 9 11 11 11 11 11 11 9 0 0 0 0 0 0 0 0 0 0 0 0 0 0 0 0 0 0 0 
0 0 0 0 0 0 0 0 0 0 0 0 0 0 0 0 0 0 0 0 0 0 0 9 11 11 11 11 11 11 9 0 0 0 0 0 0 0 0 0 0 0 0 0 0 0 0 0 0 0 
0 0 0 0 0 0 0 0 0 0 0 0 0 0 0 0 0 0 0 0 0 0 0 9 11 11 11 11 11 11 9 0 0 0 0 0 0 0 0 0 0 0 0 0 0 0 0 0 0 0 
0 0 0 0 0 0 0 0 0 0 0 0 0 0 0 0 0 0 0 0 0 0 0 9 11 11 11 11 11 11 9 0 0 0 0 0 0 0 0 0 0 0 0 0 0 0 0 0 0 0 
0 0 0 0 0 0 0 0 0 0 0 0 0 0 0 0 0 0 0 0 0 0 0 9 11 11 11 11 11 11 9 0 0 0 0 0 0 0 0 0 0 0 0 0 0 0 0 0 0 0 
0 0 0 0 0 0 0 0 0 0 0 0 0 0 0 0 0 0 0 0 0 0 0 9 11 11 11 11 11 11 9 0 0 0 0 0 0 0 0 0 0 0 0 0 0 0 0 0 0 0 
8 8 8 8 8 8 8 8 8 8 8 8 8 8 8 8 8 8 8 8 8 8 8 8 11 11 11 11 11 11 8 8 8 8 8 8 8 8 8 8 8 8 8 8 8 8 8 8 8 0 
9 9 9 9 9 9 9 9 9 9 9 9 9 9 9 9 9 9 9 9 9 9 9 9 11 11 11 11 11 11 9 9 9 9 9 9 9 9 9 9 9 9 9 9 9 9 9 9 9 0 
9 9 9 9 9 9 9 9 9 9 9 9 9 9 9 9 9 9 9 9 9 9 9 9 11 11 11 11 11 11 9 9 9 9 9 9 9 9 9 9 9 9 9 9 9 9 9 9 9 0 
9 9 9 9 9 9 9 9 9 9 9 9 9 9 9 9 9 9 9 9 9 9 9 9 11 11 11 11 11 11 9 9 9 9 9 9 9 9 9 9 9 9 9 9 9 9 9 9 9 0 
9 9 9 9 9 9 9 9 9 9 9 9 9 9 9 9 9 9 9 9 9 9 9 9 11 11 11 11 11 11 9 9 9 9 9 9 9 9 9 9 9 9 9 9 9 9 9 9 9 0 